 490, 699, 604, 993, 427, 804, 105,1004, 698, 433, 762, 831, 860, 230, 245, 852, 959, 151, 344, 961,
 495, 788, 923,  60, 702, 110, 771,  86, 397, 570, 134, 723, 418, 419, 777, 575, 414, 483, 836, 971,
 943, 664, 301, 616, 115, 444, 952, 356, 370, 419,1006, 241, 960, 266, 144, 191, 540, 241, 958,  52,
 944,  89,  56, 611, 556, 583, 969, 343, 418, 337, 703, 887, 777, 929, 377, 239, 112,   2, 310, 709,
 411, 205,1008,  94, 245, 353, 735, 511, 638, 700, 184,1010, 735, 805, 926, 908, 436, 802, 915, 917
    Mean: 553.72
    Deviation: 302.9489766020714
    Variation coef.: 0.5471158285813613
    Chi Sqr trust: 92.7137655422532
    Uniformity trust: 68.02446507120436

 632, 403, 107, 663, 480,1008, 963, 394, 276, 487, 689, 877, 820, 696, 638, 922, 261, 735, 591, 343,
 500, 712, 323, 652, 787, 470, 217, 792, 607, 387, 952, 398, 264, 958, 697, 339, 423, 530, 395, 477,
 415, 600, 113, 629, 355, 722,  93, 920, 799, 177, 367, 960, 885, 308, 512, 949, 490,1004,  25,  61,
 294, 213, 657, 553,1020, 582,  19, 278, 129, 525, 160,  29, 793, 669, 159,  46,   5, 564, 728, 388,
1023, 126, 859,1003, 338, 126, 907, 745, 321,  13, 630, 193, 375,  37, 727, 414, 982, 855, 634, 667
    Mean: 520.35
    Deviation: 294.263071163381
    Variation coef.: 0.5655098898114366
    Chi Sqr trust: 10.385903392617255
    Uniformity trust: 16.781479948910487

 260, 346, 691, 365, 124, 377, 749,  72, 669,  28, 906, 776, 830,  96, 607, 545, 181, 768, 658, 901,
  31, 948, 758, 590, 921, 156, 917, 922, 353, 402, 685, 735, 532, 411, 341, 821, 486, 127, 808, 472,
1006, 443, 401, 824, 701, 820, 662, 608, 363, 969, 971, 778, 729, 418, 482, 414, 959, 231, 325, 322,
 422, 156, 468, 299,1023, 827, 847, 184, 993,1004, 761, 277, 693, 436, 259, 113,  91,1018, 101, 289,
 304, 278, 566, 105, 168, 890,  83, 723, 461,  82, 529, 284, 986, 524, 650, 224, 113,   9, 578, 386
    Mean: 519.95
    Deviation: 297.2772190220686
    Variation coef.: 0.5717419348438669
    Chi Sqr trust: 3.4941674663963833
    Uniformity trust: 15.953182267156123

  99, 422, 166, 281, 383, 557, 492,1004, 164, 104, 976, 495, 439, 570, 298, 687, 557, 500, 544, 862,
 466, 882, 254, 938, 301, 195, 227, 409, 228, 746, 106, 787, 621, 913, 798, 775, 905, 293, 986, 932,
 553, 835, 475,  50, 567, 791,  78, 196, 495, 236, 368, 676, 445, 285, 692, 206, 903, 614, 321, 978,
 378, 157, 907, 284, 679, 433, 422, 175, 148, 866,  22, 421, 557, 852,  42, 910, 580, 795, 211, 343,
 831, 508, 656, 409,  38, 103, 838,  80, 885,  85, 338, 923,  57, 165, 232, 616, 918, 481, 734, 394
    Mean: 495.99
    Deviation: 290.2482217034588
    Variation coef.: 0.5851896645163386
    Chi Sqr trust: 59.994862140816586
    Uniformity trust: 29.148320414394533

 276, 484, 460, 955, 329, 525, 997, 932, 841,  31,  29, 797, 166, 198, 735, 376, 112, 255, 319, 288,
 413, 151, 687, 802,  40, 439, 314, 817, 495, 438, 751, 764, 984, 928, 990, 266, 822, 158, 217, 332,
 747, 273, 478, 913,  24, 280, 788, 198, 371, 959, 816, 166, 486, 748, 324, 510, 265, 299,  26, 920,
 818, 414, 954, 942, 831, 767, 265, 566, 361, 772, 867, 817, 589, 222, 587,  70, 639, 274, 865, 249,
 318, 710, 692, 368, 227, 294, 140, 613, 144, 494,  11, 435, 820, 694, 632, 790, 849, 505, 515, 702
    Mean: 513.26
    Deviation: 288.60845588457863
    Variation coef.: 0.5623045939379235
    Chi Sqr trust: 99.83759411142165
    Uniformity trust: 3.3937982591312448

 611, 779,  61, 540, 547, 339, 284, 404, 499, 726, 540, 396, 636, 427, 781, 891, 836, 573, 332, 302,
 249,  69, 454,  29, 706, 361, 467, 770, 100, 427, 530, 214, 933, 320, 806, 688, 462, 961, 145,  62,
 790, 146, 409,1010, 964, 141, 201, 957, 870, 560, 575, 221, 766, 320, 527, 345, 126, 414, 988, 759,
 710,  20, 382, 204,  35, 383, 652, 492, 544,  85,  66, 254, 635, 426, 908, 732, 607, 280, 953, 113,
 259, 574, 658,   8,  80, 511, 305,  46, 679, 766, 884, 850, 446, 314,1022, 365, 300, 596, 490,  16
    Mean: 479.96
    Deviation: 283.22978214684537
    Variation coef.: 0.5901112220744341
    Chi Sqr trust: 3.4941674663963833
    Uniformity trust: 55.802743722778246

 674, 284, 743,  95, 662, 858, 205,1014, 273, 471, 186, 855, 962, 845,  46, 642, 666, 733, 994, 190,
 180,  41, 142, 575,   7, 951, 757, 448, 664, 890, 964, 596, 209,  93, 497, 292,  44, 531, 947, 616,
 988, 659, 655, 552, 170, 849, 827, 745, 449, 488, 683, 439, 998, 305,  16, 809, 848, 727, 981, 388,
 350, 738, 613, 112, 751, 687, 409, 770, 445, 857, 873, 240, 348, 160, 576, 546,  71, 757, 474, 450,
  82, 717,  43, 256, 763, 361, 775, 606, 312, 545, 873, 205, 603, 332, 143, 587, 224, 229,  70, 666
    Mean: 520.37
    Deviation: 292.7912572175445
    Variation coef.: 0.5626597559766022
    Chi Sqr trust: 28.67470969820521
    Uniformity trust: 16.860121976368262

 244, 988,  69, 390, 213, 147, 903, 516, 814,  66, 753, 918, 954, 288, 169, 602, 598, 762, 306, 379,
 125, 199, 550, 480, 305, 318, 987, 400, 984, 722, 479, 287, 864, 105, 121, 501, 721, 358, 496, 210,
 755, 749, 461, 995, 425, 153, 456, 757, 755, 607,1013, 852, 947, 784, 353,  19, 218, 119, 311, 427,
 122, 787, 779, 640,  18, 392, 147, 697, 837, 129, 600, 824, 782, 333,  18,  27, 118, 334, 129, 573,
 895, 977, 797, 667, 248, 956,1023, 924, 809, 813,  98, 643, 695, 254, 883, 622,  56, 901, 206, 361
    Mean: 515.61
    Deviation: 309.3059645350695
    Variation coef.: 0.5998835641959417
    Chi Sqr trust: 65.90801471488561
    Uniformity trust: 7.643214940780922

 520, 252, 405, 595, 976, 861,  72, 551, 170, 766,  11, 451, 679, 721, 883, 800, 949, 140, 731, 997,
 874, 697,1007, 174, 845, 212,  60, 741,  17, 382, 470,  59, 215, 104, 576, 280, 593, 238, 869, 123,
 171, 577, 692, 589, 427, 716, 835, 623, 618, 651, 720, 912, 691, 130, 908, 565,  91, 404, 237, 432,
 613,  28, 428, 236,  21, 554, 937, 145, 574, 101, 665, 309, 429, 233, 800, 385, 454, 874, 752, 481,
 783,  34, 893, 660, 420, 250, 735, 964, 221, 463, 177, 945, 350, 875, 551, 933,  87, 611, 361, 591
    Mean: 509.78
    Deviation: 292.8876290189178
    Variation coef.: 0.5745373082877276
    Chi Sqr trust: 13.972295763202583
    Uniformity trust: 3.292809194062116

 687,  75, 893, 440, 564,  87, 363,1017, 401, 592, 223, 524, 547, 150, 871, 785, 785, 141, 663, 832,
 148,  34, 106, 815, 575, 608, 439, 147, 777, 289, 733, 501, 692, 861, 330, 989, 303, 546,  25, 675,
 573, 408, 860,   7, 724, 617, 769,1002, 124, 138,  96,1003, 856, 685, 998, 999, 767, 967, 458,  42,
 861,1023, 788, 571,  59, 856, 918, 631, 992, 586, 102, 110, 530, 634, 320, 698, 491, 358, 558, 583,
 595, 785, 646,  64, 939,1000, 233, 898, 502,  33, 900, 205, 168, 591, 684, 874, 877, 700, 564, 348
    Mean: 556.01
    Deviation: 304.9187172697244
    Variation coef.: 0.5484050957172073
    Chi Sqr trust: 80.74345132021026
    Uniformity trust: 70.41173150445368

